c ice-breaker problem (sat) with 11 group
p cnf 187 2316
-1 -2 0 
-18 -19 0 
-35 -36 0 
-52 -53 0 
-69 -70 0 
-86 -87 0 
-103 -104 0 
-120 -121 0 
-137 -138 0 
-154 -155 0 
-171 -172 0 
-1 -3 0 
-18 -20 0 
-35 -37 0 
-52 -54 0 
-69 -71 0 
-86 -88 0 
-103 -105 0 
-120 -122 0 
-137 -139 0 
-154 -156 0 
-171 -173 0 
-1 -4 0 
-18 -21 0 
-35 -38 0 
-52 -55 0 
-69 -72 0 
-86 -89 0 
-103 -106 0 
-120 -123 0 
-137 -140 0 
-154 -157 0 
-171 -174 0 
-1 -5 0 
-18 -22 0 
-35 -39 0 
-52 -56 0 
-69 -73 0 
-86 -90 0 
-103 -107 0 
-120 -124 0 
-137 -141 0 
-154 -158 0 
-171 -175 0 
-1 -6 0 
-18 -23 0 
-35 -40 0 
-52 -57 0 
-69 -74 0 
-86 -91 0 
-103 -108 0 
-120 -125 0 
-137 -142 0 
-154 -159 0 
-171 -176 0 
-1 -7 0 
-18 -24 0 
-35 -41 0 
-52 -58 0 
-69 -75 0 
-86 -92 0 
-103 -109 0 
-120 -126 0 
-137 -143 0 
-154 -160 0 
-171 -177 0 
-1 -8 0 
-18 -25 0 
-35 -42 0 
-52 -59 0 
-69 -76 0 
-86 -93 0 
-103 -110 0 
-120 -127 0 
-137 -144 0 
-154 -161 0 
-171 -178 0 
-1 -9 0 
-18 -26 0 
-35 -43 0 
-52 -60 0 
-69 -77 0 
-86 -94 0 
-103 -111 0 
-120 -128 0 
-137 -145 0 
-154 -162 0 
-171 -179 0 
-1 -10 0 
-18 -27 0 
-35 -44 0 
-52 -61 0 
-69 -78 0 
-86 -95 0 
-103 -112 0 
-120 -129 0 
-137 -146 0 
-154 -163 0 
-171 -180 0 
-1 -11 0 
-18 -28 0 
-35 -45 0 
-52 -62 0 
-69 -79 0 
-86 -96 0 
-103 -113 0 
-120 -130 0 
-137 -147 0 
-154 -164 0 
-171 -181 0 
-1 -12 0 
-18 -29 0 
-35 -46 0 
-52 -63 0 
-69 -80 0 
-86 -97 0 
-103 -114 0 
-120 -131 0 
-137 -148 0 
-154 -165 0 
-171 -182 0 
-1 -13 0 
-18 -30 0 
-35 -47 0 
-52 -64 0 
-69 -81 0 
-86 -98 0 
-103 -115 0 
-120 -132 0 
-137 -149 0 
-154 -166 0 
-171 -183 0 
-1 -14 0 
-18 -31 0 
-35 -48 0 
-52 -65 0 
-69 -82 0 
-86 -99 0 
-103 -116 0 
-120 -133 0 
-137 -150 0 
-154 -167 0 
-171 -184 0 
-1 -15 0 
-18 -32 0 
-35 -49 0 
-52 -66 0 
-69 -83 0 
-86 -100 0 
-103 -117 0 
-120 -134 0 
-137 -151 0 
-154 -168 0 
-171 -185 0 
-1 -16 0 
-18 -33 0 
-35 -50 0 
-52 -67 0 
-69 -84 0 
-86 -101 0 
-103 -118 0 
-120 -135 0 
-137 -152 0 
-154 -169 0 
-171 -186 0 
-1 -17 0 
-18 -34 0 
-35 -51 0 
-52 -68 0 
-69 -85 0 
-86 -102 0 
-103 -119 0 
-120 -136 0 
-137 -153 0 
-154 -170 0 
-171 -187 0 
1 18 35 52 69 86 103 120 137 154 171 0 
-1 -18 0 
-1 -35 0 
-1 -52 0 
-1 -69 0 
-1 -86 0 
-1 -103 0 
-1 -120 0 
-1 -137 0 
-1 -154 0 
-1 -171 0 
-18 -35 0 
-18 -52 0 
-18 -69 0 
-18 -86 0 
-18 -103 0 
-18 -120 0 
-18 -137 0 
-18 -154 0 
-18 -171 0 
-35 -52 0 
-35 -69 0 
-35 -86 0 
-35 -103 0 
-35 -120 0 
-35 -137 0 
-35 -154 0 
-35 -171 0 
-52 -69 0 
-52 -86 0 
-52 -103 0 
-52 -120 0 
-52 -137 0 
-52 -154 0 
-52 -171 0 
-69 -86 0 
-69 -103 0 
-69 -120 0 
-69 -137 0 
-69 -154 0 
-69 -171 0 
-86 -103 0 
-86 -120 0 
-86 -137 0 
-86 -154 0 
-86 -171 0 
-103 -120 0 
-103 -137 0 
-103 -154 0 
-103 -171 0 
-120 -137 0 
-120 -154 0 
-120 -171 0 
-137 -154 0 
-137 -171 0 
-154 -171 0 
-2 -3 0 
-19 -20 0 
-36 -37 0 
-53 -54 0 
-70 -71 0 
-87 -88 0 
-104 -105 0 
-121 -122 0 
-138 -139 0 
-155 -156 0 
-172 -173 0 
-2 -4 0 
-19 -21 0 
-36 -38 0 
-53 -55 0 
-70 -72 0 
-87 -89 0 
-104 -106 0 
-121 -123 0 
-138 -140 0 
-155 -157 0 
-172 -174 0 
-2 -5 0 
-19 -22 0 
-36 -39 0 
-53 -56 0 
-70 -73 0 
-87 -90 0 
-104 -107 0 
-121 -124 0 
-138 -141 0 
-155 -158 0 
-172 -175 0 
-2 -6 0 
-19 -23 0 
-36 -40 0 
-53 -57 0 
-70 -74 0 
-87 -91 0 
-104 -108 0 
-121 -125 0 
-138 -142 0 
-155 -159 0 
-172 -176 0 
-2 -7 0 
-19 -24 0 
-36 -41 0 
-53 -58 0 
-70 -75 0 
-87 -92 0 
-104 -109 0 
-121 -126 0 
-138 -143 0 
-155 -160 0 
-172 -177 0 
-2 -8 0 
-19 -25 0 
-36 -42 0 
-53 -59 0 
-70 -76 0 
-87 -93 0 
-104 -110 0 
-121 -127 0 
-138 -144 0 
-155 -161 0 
-172 -178 0 
-2 -9 0 
-19 -26 0 
-36 -43 0 
-53 -60 0 
-70 -77 0 
-87 -94 0 
-104 -111 0 
-121 -128 0 
-138 -145 0 
-155 -162 0 
-172 -179 0 
-2 -10 0 
-19 -27 0 
-36 -44 0 
-53 -61 0 
-70 -78 0 
-87 -95 0 
-104 -112 0 
-121 -129 0 
-138 -146 0 
-155 -163 0 
-172 -180 0 
-2 -11 0 
-19 -28 0 
-36 -45 0 
-53 -62 0 
-70 -79 0 
-87 -96 0 
-104 -113 0 
-121 -130 0 
-138 -147 0 
-155 -164 0 
-172 -181 0 
-2 -13 0 
-19 -30 0 
-36 -47 0 
-53 -64 0 
-70 -81 0 
-87 -98 0 
-104 -115 0 
-121 -132 0 
-138 -149 0 
-155 -166 0 
-172 -183 0 
-2 -14 0 
-19 -31 0 
-36 -48 0 
-53 -65 0 
-70 -82 0 
-87 -99 0 
-104 -116 0 
-121 -133 0 
-138 -150 0 
-155 -167 0 
-172 -184 0 
-2 -15 0 
-19 -32 0 
-36 -49 0 
-53 -66 0 
-70 -83 0 
-87 -100 0 
-104 -117 0 
-121 -134 0 
-138 -151 0 
-155 -168 0 
-172 -185 0 
-2 -16 0 
-19 -33 0 
-36 -50 0 
-53 -67 0 
-70 -84 0 
-87 -101 0 
-104 -118 0 
-121 -135 0 
-138 -152 0 
-155 -169 0 
-172 -186 0 
-2 -17 0 
-19 -34 0 
-36 -51 0 
-53 -68 0 
-70 -85 0 
-87 -102 0 
-104 -119 0 
-121 -136 0 
-138 -153 0 
-155 -170 0 
-172 -187 0 
2 19 36 53 70 87 104 121 138 155 172 0 
-2 -19 0 
-2 -36 0 
-2 -53 0 
-2 -70 0 
-2 -87 0 
-2 -104 0 
-2 -121 0 
-2 -138 0 
-2 -155 0 
-2 -172 0 
-19 -36 0 
-19 -53 0 
-19 -70 0 
-19 -87 0 
-19 -104 0 
-19 -121 0 
-19 -138 0 
-19 -155 0 
-19 -172 0 
-36 -53 0 
-36 -70 0 
-36 -87 0 
-36 -104 0 
-36 -121 0 
-36 -138 0 
-36 -155 0 
-36 -172 0 
-53 -70 0 
-53 -87 0 
-53 -104 0 
-53 -121 0 
-53 -138 0 
-53 -155 0 
-53 -172 0 
-70 -87 0 
-70 -104 0 
-70 -121 0 
-70 -138 0 
-70 -155 0 
-70 -172 0 
-87 -104 0 
-87 -121 0 
-87 -138 0 
-87 -155 0 
-87 -172 0 
-104 -121 0 
-104 -138 0 
-104 -155 0 
-104 -172 0 
-121 -138 0 
-121 -155 0 
-121 -172 0 
-138 -155 0 
-138 -172 0 
-155 -172 0 
-3 -4 0 
-20 -21 0 
-37 -38 0 
-54 -55 0 
-71 -72 0 
-88 -89 0 
-105 -106 0 
-122 -123 0 
-139 -140 0 
-156 -157 0 
-173 -174 0 
-3 -6 0 
-20 -23 0 
-37 -40 0 
-54 -57 0 
-71 -74 0 
-88 -91 0 
-105 -108 0 
-122 -125 0 
-139 -142 0 
-156 -159 0 
-173 -176 0 
-3 -7 0 
-20 -24 0 
-37 -41 0 
-54 -58 0 
-71 -75 0 
-88 -92 0 
-105 -109 0 
-122 -126 0 
-139 -143 0 
-156 -160 0 
-173 -177 0 
-3 -8 0 
-20 -25 0 
-37 -42 0 
-54 -59 0 
-71 -76 0 
-88 -93 0 
-105 -110 0 
-122 -127 0 
-139 -144 0 
-156 -161 0 
-173 -178 0 
-3 -9 0 
-20 -26 0 
-37 -43 0 
-54 -60 0 
-71 -77 0 
-88 -94 0 
-105 -111 0 
-122 -128 0 
-139 -145 0 
-156 -162 0 
-173 -179 0 
-3 -11 0 
-20 -28 0 
-37 -45 0 
-54 -62 0 
-71 -79 0 
-88 -96 0 
-105 -113 0 
-122 -130 0 
-139 -147 0 
-156 -164 0 
-173 -181 0 
-3 -12 0 
-20 -29 0 
-37 -46 0 
-54 -63 0 
-71 -80 0 
-88 -97 0 
-105 -114 0 
-122 -131 0 
-139 -148 0 
-156 -165 0 
-173 -182 0 
-3 -13 0 
-20 -30 0 
-37 -47 0 
-54 -64 0 
-71 -81 0 
-88 -98 0 
-105 -115 0 
-122 -132 0 
-139 -149 0 
-156 -166 0 
-173 -183 0 
-3 -14 0 
-20 -31 0 
-37 -48 0 
-54 -65 0 
-71 -82 0 
-88 -99 0 
-105 -116 0 
-122 -133 0 
-139 -150 0 
-156 -167 0 
-173 -184 0 
-3 -15 0 
-20 -32 0 
-37 -49 0 
-54 -66 0 
-71 -83 0 
-88 -100 0 
-105 -117 0 
-122 -134 0 
-139 -151 0 
-156 -168 0 
-173 -185 0 
-3 -16 0 
-20 -33 0 
-37 -50 0 
-54 -67 0 
-71 -84 0 
-88 -101 0 
-105 -118 0 
-122 -135 0 
-139 -152 0 
-156 -169 0 
-173 -186 0 
-3 -17 0 
-20 -34 0 
-37 -51 0 
-54 -68 0 
-71 -85 0 
-88 -102 0 
-105 -119 0 
-122 -136 0 
-139 -153 0 
-156 -170 0 
-173 -187 0 
3 20 37 54 71 88 105 122 139 156 173 0 
-3 -20 0 
-3 -37 0 
-3 -54 0 
-3 -71 0 
-3 -88 0 
-3 -105 0 
-3 -122 0 
-3 -139 0 
-3 -156 0 
-3 -173 0 
-20 -37 0 
-20 -54 0 
-20 -71 0 
-20 -88 0 
-20 -105 0 
-20 -122 0 
-20 -139 0 
-20 -156 0 
-20 -173 0 
-37 -54 0 
-37 -71 0 
-37 -88 0 
-37 -105 0 
-37 -122 0 
-37 -139 0 
-37 -156 0 
-37 -173 0 
-54 -71 0 
-54 -88 0 
-54 -105 0 
-54 -122 0 
-54 -139 0 
-54 -156 0 
-54 -173 0 
-71 -88 0 
-71 -105 0 
-71 -122 0 
-71 -139 0 
-71 -156 0 
-71 -173 0 
-88 -105 0 
-88 -122 0 
-88 -139 0 
-88 -156 0 
-88 -173 0 
-105 -122 0 
-105 -139 0 
-105 -156 0 
-105 -173 0 
-122 -139 0 
-122 -156 0 
-122 -173 0 
-139 -156 0 
-139 -173 0 
-156 -173 0 
-4 -5 0 
-21 -22 0 
-38 -39 0 
-55 -56 0 
-72 -73 0 
-89 -90 0 
-106 -107 0 
-123 -124 0 
-140 -141 0 
-157 -158 0 
-174 -175 0 
-4 -6 0 
-21 -23 0 
-38 -40 0 
-55 -57 0 
-72 -74 0 
-89 -91 0 
-106 -108 0 
-123 -125 0 
-140 -142 0 
-157 -159 0 
-174 -176 0 
-4 -7 0 
-21 -24 0 
-38 -41 0 
-55 -58 0 
-72 -75 0 
-89 -92 0 
-106 -109 0 
-123 -126 0 
-140 -143 0 
-157 -160 0 
-174 -177 0 
-4 -8 0 
-21 -25 0 
-38 -42 0 
-55 -59 0 
-72 -76 0 
-89 -93 0 
-106 -110 0 
-123 -127 0 
-140 -144 0 
-157 -161 0 
-174 -178 0 
-4 -9 0 
-21 -26 0 
-38 -43 0 
-55 -60 0 
-72 -77 0 
-89 -94 0 
-106 -111 0 
-123 -128 0 
-140 -145 0 
-157 -162 0 
-174 -179 0 
-4 -10 0 
-21 -27 0 
-38 -44 0 
-55 -61 0 
-72 -78 0 
-89 -95 0 
-106 -112 0 
-123 -129 0 
-140 -146 0 
-157 -163 0 
-174 -180 0 
-4 -11 0 
-21 -28 0 
-38 -45 0 
-55 -62 0 
-72 -79 0 
-89 -96 0 
-106 -113 0 
-123 -130 0 
-140 -147 0 
-157 -164 0 
-174 -181 0 
-4 -12 0 
-21 -29 0 
-38 -46 0 
-55 -63 0 
-72 -80 0 
-89 -97 0 
-106 -114 0 
-123 -131 0 
-140 -148 0 
-157 -165 0 
-174 -182 0 
-4 -13 0 
-21 -30 0 
-38 -47 0 
-55 -64 0 
-72 -81 0 
-89 -98 0 
-106 -115 0 
-123 -132 0 
-140 -149 0 
-157 -166 0 
-174 -183 0 
-4 -14 0 
-21 -31 0 
-38 -48 0 
-55 -65 0 
-72 -82 0 
-89 -99 0 
-106 -116 0 
-123 -133 0 
-140 -150 0 
-157 -167 0 
-174 -184 0 
-4 -16 0 
-21 -33 0 
-38 -50 0 
-55 -67 0 
-72 -84 0 
-89 -101 0 
-106 -118 0 
-123 -135 0 
-140 -152 0 
-157 -169 0 
-174 -186 0 
-4 -17 0 
-21 -34 0 
-38 -51 0 
-55 -68 0 
-72 -85 0 
-89 -102 0 
-106 -119 0 
-123 -136 0 
-140 -153 0 
-157 -170 0 
-174 -187 0 
4 21 38 55 72 89 106 123 140 157 174 0 
-4 -21 0 
-4 -38 0 
-4 -55 0 
-4 -72 0 
-4 -89 0 
-4 -106 0 
-4 -123 0 
-4 -140 0 
-4 -157 0 
-4 -174 0 
-21 -38 0 
-21 -55 0 
-21 -72 0 
-21 -89 0 
-21 -106 0 
-21 -123 0 
-21 -140 0 
-21 -157 0 
-21 -174 0 
-38 -55 0 
-38 -72 0 
-38 -89 0 
-38 -106 0 
-38 -123 0 
-38 -140 0 
-38 -157 0 
-38 -174 0 
-55 -72 0 
-55 -89 0 
-55 -106 0 
-55 -123 0 
-55 -140 0 
-55 -157 0 
-55 -174 0 
-72 -89 0 
-72 -106 0 
-72 -123 0 
-72 -140 0 
-72 -157 0 
-72 -174 0 
-89 -106 0 
-89 -123 0 
-89 -140 0 
-89 -157 0 
-89 -174 0 
-106 -123 0 
-106 -140 0 
-106 -157 0 
-106 -174 0 
-123 -140 0 
-123 -157 0 
-123 -174 0 
-140 -157 0 
-140 -174 0 
-157 -174 0 
-5 -6 0 
-22 -23 0 
-39 -40 0 
-56 -57 0 
-73 -74 0 
-90 -91 0 
-107 -108 0 
-124 -125 0 
-141 -142 0 
-158 -159 0 
-175 -176 0 
-5 -7 0 
-22 -24 0 
-39 -41 0 
-56 -58 0 
-73 -75 0 
-90 -92 0 
-107 -109 0 
-124 -126 0 
-141 -143 0 
-158 -160 0 
-175 -177 0 
-5 -8 0 
-22 -25 0 
-39 -42 0 
-56 -59 0 
-73 -76 0 
-90 -93 0 
-107 -110 0 
-124 -127 0 
-141 -144 0 
-158 -161 0 
-175 -178 0 
-5 -9 0 
-22 -26 0 
-39 -43 0 
-56 -60 0 
-73 -77 0 
-90 -94 0 
-107 -111 0 
-124 -128 0 
-141 -145 0 
-158 -162 0 
-175 -179 0 
-5 -10 0 
-22 -27 0 
-39 -44 0 
-56 -61 0 
-73 -78 0 
-90 -95 0 
-107 -112 0 
-124 -129 0 
-141 -146 0 
-158 -163 0 
-175 -180 0 
-5 -11 0 
-22 -28 0 
-39 -45 0 
-56 -62 0 
-73 -79 0 
-90 -96 0 
-107 -113 0 
-124 -130 0 
-141 -147 0 
-158 -164 0 
-175 -181 0 
-5 -12 0 
-22 -29 0 
-39 -46 0 
-56 -63 0 
-73 -80 0 
-90 -97 0 
-107 -114 0 
-124 -131 0 
-141 -148 0 
-158 -165 0 
-175 -182 0 
-5 -14 0 
-22 -31 0 
-39 -48 0 
-56 -65 0 
-73 -82 0 
-90 -99 0 
-107 -116 0 
-124 -133 0 
-141 -150 0 
-158 -167 0 
-175 -184 0 
-5 -15 0 
-22 -32 0 
-39 -49 0 
-56 -66 0 
-73 -83 0 
-90 -100 0 
-107 -117 0 
-124 -134 0 
-141 -151 0 
-158 -168 0 
-175 -185 0 
-5 -16 0 
-22 -33 0 
-39 -50 0 
-56 -67 0 
-73 -84 0 
-90 -101 0 
-107 -118 0 
-124 -135 0 
-141 -152 0 
-158 -169 0 
-175 -186 0 
-5 -17 0 
-22 -34 0 
-39 -51 0 
-56 -68 0 
-73 -85 0 
-90 -102 0 
-107 -119 0 
-124 -136 0 
-141 -153 0 
-158 -170 0 
-175 -187 0 
5 22 39 56 73 90 107 124 141 158 175 0 
-5 -22 0 
-5 -39 0 
-5 -56 0 
-5 -73 0 
-5 -90 0 
-5 -107 0 
-5 -124 0 
-5 -141 0 
-5 -158 0 
-5 -175 0 
-22 -39 0 
-22 -56 0 
-22 -73 0 
-22 -90 0 
-22 -107 0 
-22 -124 0 
-22 -141 0 
-22 -158 0 
-22 -175 0 
-39 -56 0 
-39 -73 0 
-39 -90 0 
-39 -107 0 
-39 -124 0 
-39 -141 0 
-39 -158 0 
-39 -175 0 
-56 -73 0 
-56 -90 0 
-56 -107 0 
-56 -124 0 
-56 -141 0 
-56 -158 0 
-56 -175 0 
-73 -90 0 
-73 -107 0 
-73 -124 0 
-73 -141 0 
-73 -158 0 
-73 -175 0 
-90 -107 0 
-90 -124 0 
-90 -141 0 
-90 -158 0 
-90 -175 0 
-107 -124 0 
-107 -141 0 
-107 -158 0 
-107 -175 0 
-124 -141 0 
-124 -158 0 
-124 -175 0 
-141 -158 0 
-141 -175 0 
-158 -175 0 
-6 -7 0 
-23 -24 0 
-40 -41 0 
-57 -58 0 
-74 -75 0 
-91 -92 0 
-108 -109 0 
-125 -126 0 
-142 -143 0 
-159 -160 0 
-176 -177 0 
-6 -8 0 
-23 -25 0 
-40 -42 0 
-57 -59 0 
-74 -76 0 
-91 -93 0 
-108 -110 0 
-125 -127 0 
-142 -144 0 
-159 -161 0 
-176 -178 0 
-6 -9 0 
-23 -26 0 
-40 -43 0 
-57 -60 0 
-74 -77 0 
-91 -94 0 
-108 -111 0 
-125 -128 0 
-142 -145 0 
-159 -162 0 
-176 -179 0 
-6 -10 0 
-23 -27 0 
-40 -44 0 
-57 -61 0 
-74 -78 0 
-91 -95 0 
-108 -112 0 
-125 -129 0 
-142 -146 0 
-159 -163 0 
-176 -180 0 
-6 -11 0 
-23 -28 0 
-40 -45 0 
-57 -62 0 
-74 -79 0 
-91 -96 0 
-108 -113 0 
-125 -130 0 
-142 -147 0 
-159 -164 0 
-176 -181 0 
-6 -12 0 
-23 -29 0 
-40 -46 0 
-57 -63 0 
-74 -80 0 
-91 -97 0 
-108 -114 0 
-125 -131 0 
-142 -148 0 
-159 -165 0 
-176 -182 0 
-6 -13 0 
-23 -30 0 
-40 -47 0 
-57 -64 0 
-74 -81 0 
-91 -98 0 
-108 -115 0 
-125 -132 0 
-142 -149 0 
-159 -166 0 
-176 -183 0 
-6 -14 0 
-23 -31 0 
-40 -48 0 
-57 -65 0 
-74 -82 0 
-91 -99 0 
-108 -116 0 
-125 -133 0 
-142 -150 0 
-159 -167 0 
-176 -184 0 
-6 -16 0 
-23 -33 0 
-40 -50 0 
-57 -67 0 
-74 -84 0 
-91 -101 0 
-108 -118 0 
-125 -135 0 
-142 -152 0 
-159 -169 0 
-176 -186 0 
-6 -17 0 
-23 -34 0 
-40 -51 0 
-57 -68 0 
-74 -85 0 
-91 -102 0 
-108 -119 0 
-125 -136 0 
-142 -153 0 
-159 -170 0 
-176 -187 0 
6 23 40 57 74 91 108 125 142 159 176 0 
-6 -23 0 
-6 -40 0 
-6 -57 0 
-6 -74 0 
-6 -91 0 
-6 -108 0 
-6 -125 0 
-6 -142 0 
-6 -159 0 
-6 -176 0 
-23 -40 0 
-23 -57 0 
-23 -74 0 
-23 -91 0 
-23 -108 0 
-23 -125 0 
-23 -142 0 
-23 -159 0 
-23 -176 0 
-40 -57 0 
-40 -74 0 
-40 -91 0 
-40 -108 0 
-40 -125 0 
-40 -142 0 
-40 -159 0 
-40 -176 0 
-57 -74 0 
-57 -91 0 
-57 -108 0 
-57 -125 0 
-57 -142 0 
-57 -159 0 
-57 -176 0 
-74 -91 0 
-74 -108 0 
-74 -125 0 
-74 -142 0 
-74 -159 0 
-74 -176 0 
-91 -108 0 
-91 -125 0 
-91 -142 0 
-91 -159 0 
-91 -176 0 
-108 -125 0 
-108 -142 0 
-108 -159 0 
-108 -176 0 
-125 -142 0 
-125 -159 0 
-125 -176 0 
-142 -159 0 
-142 -176 0 
-159 -176 0 
-7 -10 0 
-24 -27 0 
-41 -44 0 
-58 -61 0 
-75 -78 0 
-92 -95 0 
-109 -112 0 
-126 -129 0 
-143 -146 0 
-160 -163 0 
-177 -180 0 
-7 -11 0 
-24 -28 0 
-41 -45 0 
-58 -62 0 
-75 -79 0 
-92 -96 0 
-109 -113 0 
-126 -130 0 
-143 -147 0 
-160 -164 0 
-177 -181 0 
-7 -12 0 
-24 -29 0 
-41 -46 0 
-58 -63 0 
-75 -80 0 
-92 -97 0 
-109 -114 0 
-126 -131 0 
-143 -148 0 
-160 -165 0 
-177 -182 0 
-7 -13 0 
-24 -30 0 
-41 -47 0 
-58 -64 0 
-75 -81 0 
-92 -98 0 
-109 -115 0 
-126 -132 0 
-143 -149 0 
-160 -166 0 
-177 -183 0 
-7 -14 0 
-24 -31 0 
-41 -48 0 
-58 -65 0 
-75 -82 0 
-92 -99 0 
-109 -116 0 
-126 -133 0 
-143 -150 0 
-160 -167 0 
-177 -184 0 
-7 -15 0 
-24 -32 0 
-41 -49 0 
-58 -66 0 
-75 -83 0 
-92 -100 0 
-109 -117 0 
-126 -134 0 
-143 -151 0 
-160 -168 0 
-177 -185 0 
-7 -17 0 
-24 -34 0 
-41 -51 0 
-58 -68 0 
-75 -85 0 
-92 -102 0 
-109 -119 0 
-126 -136 0 
-143 -153 0 
-160 -170 0 
-177 -187 0 
7 24 41 58 75 92 109 126 143 160 177 0 
-7 -24 0 
-7 -41 0 
-7 -58 0 
-7 -75 0 
-7 -92 0 
-7 -109 0 
-7 -126 0 
-7 -143 0 
-7 -160 0 
-7 -177 0 
-24 -41 0 
-24 -58 0 
-24 -75 0 
-24 -92 0 
-24 -109 0 
-24 -126 0 
-24 -143 0 
-24 -160 0 
-24 -177 0 
-41 -58 0 
-41 -75 0 
-41 -92 0 
-41 -109 0 
-41 -126 0 
-41 -143 0 
-41 -160 0 
-41 -177 0 
-58 -75 0 
-58 -92 0 
-58 -109 0 
-58 -126 0 
-58 -143 0 
-58 -160 0 
-58 -177 0 
-75 -92 0 
-75 -109 0 
-75 -126 0 
-75 -143 0 
-75 -160 0 
-75 -177 0 
-92 -109 0 
-92 -126 0 
-92 -143 0 
-92 -160 0 
-92 -177 0 
-109 -126 0 
-109 -143 0 
-109 -160 0 
-109 -177 0 
-126 -143 0 
-126 -160 0 
-126 -177 0 
-143 -160 0 
-143 -177 0 
-160 -177 0 
-8 -9 0 
-25 -26 0 
-42 -43 0 
-59 -60 0 
-76 -77 0 
-93 -94 0 
-110 -111 0 
-127 -128 0 
-144 -145 0 
-161 -162 0 
-178 -179 0 
-8 -10 0 
-25 -27 0 
-42 -44 0 
-59 -61 0 
-76 -78 0 
-93 -95 0 
-110 -112 0 
-127 -129 0 
-144 -146 0 
-161 -163 0 
-178 -180 0 
-8 -11 0 
-25 -28 0 
-42 -45 0 
-59 -62 0 
-76 -79 0 
-93 -96 0 
-110 -113 0 
-127 -130 0 
-144 -147 0 
-161 -164 0 
-178 -181 0 
-8 -12 0 
-25 -29 0 
-42 -46 0 
-59 -63 0 
-76 -80 0 
-93 -97 0 
-110 -114 0 
-127 -131 0 
-144 -148 0 
-161 -165 0 
-178 -182 0 
-8 -13 0 
-25 -30 0 
-42 -47 0 
-59 -64 0 
-76 -81 0 
-93 -98 0 
-110 -115 0 
-127 -132 0 
-144 -149 0 
-161 -166 0 
-178 -183 0 
-8 -14 0 
-25 -31 0 
-42 -48 0 
-59 -65 0 
-76 -82 0 
-93 -99 0 
-110 -116 0 
-127 -133 0 
-144 -150 0 
-161 -167 0 
-178 -184 0 
-8 -15 0 
-25 -32 0 
-42 -49 0 
-59 -66 0 
-76 -83 0 
-93 -100 0 
-110 -117 0 
-127 -134 0 
-144 -151 0 
-161 -168 0 
-178 -185 0 
-8 -16 0 
-25 -33 0 
-42 -50 0 
-59 -67 0 
-76 -84 0 
-93 -101 0 
-110 -118 0 
-127 -135 0 
-144 -152 0 
-161 -169 0 
-178 -186 0 
-8 -17 0 
-25 -34 0 
-42 -51 0 
-59 -68 0 
-76 -85 0 
-93 -102 0 
-110 -119 0 
-127 -136 0 
-144 -153 0 
-161 -170 0 
-178 -187 0 
8 25 42 59 76 93 110 127 144 161 178 0 
-8 -25 0 
-8 -42 0 
-8 -59 0 
-8 -76 0 
-8 -93 0 
-8 -110 0 
-8 -127 0 
-8 -144 0 
-8 -161 0 
-8 -178 0 
-25 -42 0 
-25 -59 0 
-25 -76 0 
-25 -93 0 
-25 -110 0 
-25 -127 0 
-25 -144 0 
-25 -161 0 
-25 -178 0 
-42 -59 0 
-42 -76 0 
-42 -93 0 
-42 -110 0 
-42 -127 0 
-42 -144 0 
-42 -161 0 
-42 -178 0 
-59 -76 0 
-59 -93 0 
-59 -110 0 
-59 -127 0 
-59 -144 0 
-59 -161 0 
-59 -178 0 
-76 -93 0 
-76 -110 0 
-76 -127 0 
-76 -144 0 
-76 -161 0 
-76 -178 0 
-93 -110 0 
-93 -127 0 
-93 -144 0 
-93 -161 0 
-93 -178 0 
-110 -127 0 
-110 -144 0 
-110 -161 0 
-110 -178 0 
-127 -144 0 
-127 -161 0 
-127 -178 0 
-144 -161 0 
-144 -178 0 
-161 -178 0 
-9 -10 0 
-26 -27 0 
-43 -44 0 
-60 -61 0 
-77 -78 0 
-94 -95 0 
-111 -112 0 
-128 -129 0 
-145 -146 0 
-162 -163 0 
-179 -180 0 
-9 -11 0 
-26 -28 0 
-43 -45 0 
-60 -62 0 
-77 -79 0 
-94 -96 0 
-111 -113 0 
-128 -130 0 
-145 -147 0 
-162 -164 0 
-179 -181 0 
-9 -12 0 
-26 -29 0 
-43 -46 0 
-60 -63 0 
-77 -80 0 
-94 -97 0 
-111 -114 0 
-128 -131 0 
-145 -148 0 
-162 -165 0 
-179 -182 0 
-9 -13 0 
-26 -30 0 
-43 -47 0 
-60 -64 0 
-77 -81 0 
-94 -98 0 
-111 -115 0 
-128 -132 0 
-145 -149 0 
-162 -166 0 
-179 -183 0 
-9 -15 0 
-26 -32 0 
-43 -49 0 
-60 -66 0 
-77 -83 0 
-94 -100 0 
-111 -117 0 
-128 -134 0 
-145 -151 0 
-162 -168 0 
-179 -185 0 
-9 -17 0 
-26 -34 0 
-43 -51 0 
-60 -68 0 
-77 -85 0 
-94 -102 0 
-111 -119 0 
-128 -136 0 
-145 -153 0 
-162 -170 0 
-179 -187 0 
9 26 43 60 77 94 111 128 145 162 179 0 
-9 -26 0 
-9 -43 0 
-9 -60 0 
-9 -77 0 
-9 -94 0 
-9 -111 0 
-9 -128 0 
-9 -145 0 
-9 -162 0 
-9 -179 0 
-26 -43 0 
-26 -60 0 
-26 -77 0 
-26 -94 0 
-26 -111 0 
-26 -128 0 
-26 -145 0 
-26 -162 0 
-26 -179 0 
-43 -60 0 
-43 -77 0 
-43 -94 0 
-43 -111 0 
-43 -128 0 
-43 -145 0 
-43 -162 0 
-43 -179 0 
-60 -77 0 
-60 -94 0 
-60 -111 0 
-60 -128 0 
-60 -145 0 
-60 -162 0 
-60 -179 0 
-77 -94 0 
-77 -111 0 
-77 -128 0 
-77 -145 0 
-77 -162 0 
-77 -179 0 
-94 -111 0 
-94 -128 0 
-94 -145 0 
-94 -162 0 
-94 -179 0 
-111 -128 0 
-111 -145 0 
-111 -162 0 
-111 -179 0 
-128 -145 0 
-128 -162 0 
-128 -179 0 
-145 -162 0 
-145 -179 0 
-162 -179 0 
-10 -11 0 
-27 -28 0 
-44 -45 0 
-61 -62 0 
-78 -79 0 
-95 -96 0 
-112 -113 0 
-129 -130 0 
-146 -147 0 
-163 -164 0 
-180 -181 0 
-10 -12 0 
-27 -29 0 
-44 -46 0 
-61 -63 0 
-78 -80 0 
-95 -97 0 
-112 -114 0 
-129 -131 0 
-146 -148 0 
-163 -165 0 
-180 -182 0 
-10 -13 0 
-27 -30 0 
-44 -47 0 
-61 -64 0 
-78 -81 0 
-95 -98 0 
-112 -115 0 
-129 -132 0 
-146 -149 0 
-163 -166 0 
-180 -183 0 
-10 -14 0 
-27 -31 0 
-44 -48 0 
-61 -65 0 
-78 -82 0 
-95 -99 0 
-112 -116 0 
-129 -133 0 
-146 -150 0 
-163 -167 0 
-180 -184 0 
-10 -16 0 
-27 -33 0 
-44 -50 0 
-61 -67 0 
-78 -84 0 
-95 -101 0 
-112 -118 0 
-129 -135 0 
-146 -152 0 
-163 -169 0 
-180 -186 0 
-10 -17 0 
-27 -34 0 
-44 -51 0 
-61 -68 0 
-78 -85 0 
-95 -102 0 
-112 -119 0 
-129 -136 0 
-146 -153 0 
-163 -170 0 
-180 -187 0 
10 27 44 61 78 95 112 129 146 163 180 0 
-10 -27 0 
-10 -44 0 
-10 -61 0 
-10 -78 0 
-10 -95 0 
-10 -112 0 
-10 -129 0 
-10 -146 0 
-10 -163 0 
-10 -180 0 
-27 -44 0 
-27 -61 0 
-27 -78 0 
-27 -95 0 
-27 -112 0 
-27 -129 0 
-27 -146 0 
-27 -163 0 
-27 -180 0 
-44 -61 0 
-44 -78 0 
-44 -95 0 
-44 -112 0 
-44 -129 0 
-44 -146 0 
-44 -163 0 
-44 -180 0 
-61 -78 0 
-61 -95 0 
-61 -112 0 
-61 -129 0 
-61 -146 0 
-61 -163 0 
-61 -180 0 
-78 -95 0 
-78 -112 0 
-78 -129 0 
-78 -146 0 
-78 -163 0 
-78 -180 0 
-95 -112 0 
-95 -129 0 
-95 -146 0 
-95 -163 0 
-95 -180 0 
-112 -129 0 
-112 -146 0 
-112 -163 0 
-112 -180 0 
-129 -146 0 
-129 -163 0 
-129 -180 0 
-146 -163 0 
-146 -180 0 
-163 -180 0 
-11 -12 0 
-28 -29 0 
-45 -46 0 
-62 -63 0 
-79 -80 0 
-96 -97 0 
-113 -114 0 
-130 -131 0 
-147 -148 0 
-164 -165 0 
-181 -182 0 
-11 -13 0 
-28 -30 0 
-45 -47 0 
-62 -64 0 
-79 -81 0 
-96 -98 0 
-113 -115 0 
-130 -132 0 
-147 -149 0 
-164 -166 0 
-181 -183 0 
-11 -14 0 
-28 -31 0 
-45 -48 0 
-62 -65 0 
-79 -82 0 
-96 -99 0 
-113 -116 0 
-130 -133 0 
-147 -150 0 
-164 -167 0 
-181 -184 0 
-11 -15 0 
-28 -32 0 
-45 -49 0 
-62 -66 0 
-79 -83 0 
-96 -100 0 
-113 -117 0 
-130 -134 0 
-147 -151 0 
-164 -168 0 
-181 -185 0 
-11 -16 0 
-28 -33 0 
-45 -50 0 
-62 -67 0 
-79 -84 0 
-96 -101 0 
-113 -118 0 
-130 -135 0 
-147 -152 0 
-164 -169 0 
-181 -186 0 
-11 -17 0 
-28 -34 0 
-45 -51 0 
-62 -68 0 
-79 -85 0 
-96 -102 0 
-113 -119 0 
-130 -136 0 
-147 -153 0 
-164 -170 0 
-181 -187 0 
11 28 45 62 79 96 113 130 147 164 181 0 
-11 -28 0 
-11 -45 0 
-11 -62 0 
-11 -79 0 
-11 -96 0 
-11 -113 0 
-11 -130 0 
-11 -147 0 
-11 -164 0 
-11 -181 0 
-28 -45 0 
-28 -62 0 
-28 -79 0 
-28 -96 0 
-28 -113 0 
-28 -130 0 
-28 -147 0 
-28 -164 0 
-28 -181 0 
-45 -62 0 
-45 -79 0 
-45 -96 0 
-45 -113 0 
-45 -130 0 
-45 -147 0 
-45 -164 0 
-45 -181 0 
-62 -79 0 
-62 -96 0 
-62 -113 0 
-62 -130 0 
-62 -147 0 
-62 -164 0 
-62 -181 0 
-79 -96 0 
-79 -113 0 
-79 -130 0 
-79 -147 0 
-79 -164 0 
-79 -181 0 
-96 -113 0 
-96 -130 0 
-96 -147 0 
-96 -164 0 
-96 -181 0 
-113 -130 0 
-113 -147 0 
-113 -164 0 
-113 -181 0 
-130 -147 0 
-130 -164 0 
-130 -181 0 
-147 -164 0 
-147 -181 0 
-164 -181 0 
-12 -13 0 
-29 -30 0 
-46 -47 0 
-63 -64 0 
-80 -81 0 
-97 -98 0 
-114 -115 0 
-131 -132 0 
-148 -149 0 
-165 -166 0 
-182 -183 0 
-12 -14 0 
-29 -31 0 
-46 -48 0 
-63 -65 0 
-80 -82 0 
-97 -99 0 
-114 -116 0 
-131 -133 0 
-148 -150 0 
-165 -167 0 
-182 -184 0 
-12 -15 0 
-29 -32 0 
-46 -49 0 
-63 -66 0 
-80 -83 0 
-97 -100 0 
-114 -117 0 
-131 -134 0 
-148 -151 0 
-165 -168 0 
-182 -185 0 
-12 -16 0 
-29 -33 0 
-46 -50 0 
-63 -67 0 
-80 -84 0 
-97 -101 0 
-114 -118 0 
-131 -135 0 
-148 -152 0 
-165 -169 0 
-182 -186 0 
-12 -17 0 
-29 -34 0 
-46 -51 0 
-63 -68 0 
-80 -85 0 
-97 -102 0 
-114 -119 0 
-131 -136 0 
-148 -153 0 
-165 -170 0 
-182 -187 0 
12 29 46 63 80 97 114 131 148 165 182 0 
-12 -29 0 
-12 -46 0 
-12 -63 0 
-12 -80 0 
-12 -97 0 
-12 -114 0 
-12 -131 0 
-12 -148 0 
-12 -165 0 
-12 -182 0 
-29 -46 0 
-29 -63 0 
-29 -80 0 
-29 -97 0 
-29 -114 0 
-29 -131 0 
-29 -148 0 
-29 -165 0 
-29 -182 0 
-46 -63 0 
-46 -80 0 
-46 -97 0 
-46 -114 0 
-46 -131 0 
-46 -148 0 
-46 -165 0 
-46 -182 0 
-63 -80 0 
-63 -97 0 
-63 -114 0 
-63 -131 0 
-63 -148 0 
-63 -165 0 
-63 -182 0 
-80 -97 0 
-80 -114 0 
-80 -131 0 
-80 -148 0 
-80 -165 0 
-80 -182 0 
-97 -114 0 
-97 -131 0 
-97 -148 0 
-97 -165 0 
-97 -182 0 
-114 -131 0 
-114 -148 0 
-114 -165 0 
-114 -182 0 
-131 -148 0 
-131 -165 0 
-131 -182 0 
-148 -165 0 
-148 -182 0 
-165 -182 0 
-13 -14 0 
-30 -31 0 
-47 -48 0 
-64 -65 0 
-81 -82 0 
-98 -99 0 
-115 -116 0 
-132 -133 0 
-149 -150 0 
-166 -167 0 
-183 -184 0 
-13 -15 0 
-30 -32 0 
-47 -49 0 
-64 -66 0 
-81 -83 0 
-98 -100 0 
-115 -117 0 
-132 -134 0 
-149 -151 0 
-166 -168 0 
-183 -185 0 
-13 -16 0 
-30 -33 0 
-47 -50 0 
-64 -67 0 
-81 -84 0 
-98 -101 0 
-115 -118 0 
-132 -135 0 
-149 -152 0 
-166 -169 0 
-183 -186 0 
-13 -17 0 
-30 -34 0 
-47 -51 0 
-64 -68 0 
-81 -85 0 
-98 -102 0 
-115 -119 0 
-132 -136 0 
-149 -153 0 
-166 -170 0 
-183 -187 0 
13 30 47 64 81 98 115 132 149 166 183 0 
-13 -30 0 
-13 -47 0 
-13 -64 0 
-13 -81 0 
-13 -98 0 
-13 -115 0 
-13 -132 0 
-13 -149 0 
-13 -166 0 
-13 -183 0 
-30 -47 0 
-30 -64 0 
-30 -81 0 
-30 -98 0 
-30 -115 0 
-30 -132 0 
-30 -149 0 
-30 -166 0 
-30 -183 0 
-47 -64 0 
-47 -81 0 
-47 -98 0 
-47 -115 0 
-47 -132 0 
-47 -149 0 
-47 -166 0 
-47 -183 0 
-64 -81 0 
-64 -98 0 
-64 -115 0 
-64 -132 0 
-64 -149 0 
-64 -166 0 
-64 -183 0 
-81 -98 0 
-81 -115 0 
-81 -132 0 
-81 -149 0 
-81 -166 0 
-81 -183 0 
-98 -115 0 
-98 -132 0 
-98 -149 0 
-98 -166 0 
-98 -183 0 
-115 -132 0 
-115 -149 0 
-115 -166 0 
-115 -183 0 
-132 -149 0 
-132 -166 0 
-132 -183 0 
-149 -166 0 
-149 -183 0 
-166 -183 0 
-14 -15 0 
-31 -32 0 
-48 -49 0 
-65 -66 0 
-82 -83 0 
-99 -100 0 
-116 -117 0 
-133 -134 0 
-150 -151 0 
-167 -168 0 
-184 -185 0 
-14 -16 0 
-31 -33 0 
-48 -50 0 
-65 -67 0 
-82 -84 0 
-99 -101 0 
-116 -118 0 
-133 -135 0 
-150 -152 0 
-167 -169 0 
-184 -186 0 
-14 -17 0 
-31 -34 0 
-48 -51 0 
-65 -68 0 
-82 -85 0 
-99 -102 0 
-116 -119 0 
-133 -136 0 
-150 -153 0 
-167 -170 0 
-184 -187 0 
14 31 48 65 82 99 116 133 150 167 184 0 
-14 -31 0 
-14 -48 0 
-14 -65 0 
-14 -82 0 
-14 -99 0 
-14 -116 0 
-14 -133 0 
-14 -150 0 
-14 -167 0 
-14 -184 0 
-31 -48 0 
-31 -65 0 
-31 -82 0 
-31 -99 0 
-31 -116 0 
-31 -133 0 
-31 -150 0 
-31 -167 0 
-31 -184 0 
-48 -65 0 
-48 -82 0 
-48 -99 0 
-48 -116 0 
-48 -133 0 
-48 -150 0 
-48 -167 0 
-48 -184 0 
-65 -82 0 
-65 -99 0 
-65 -116 0 
-65 -133 0 
-65 -150 0 
-65 -167 0 
-65 -184 0 
-82 -99 0 
-82 -116 0 
-82 -133 0 
-82 -150 0 
-82 -167 0 
-82 -184 0 
-99 -116 0 
-99 -133 0 
-99 -150 0 
-99 -167 0 
-99 -184 0 
-116 -133 0 
-116 -150 0 
-116 -167 0 
-116 -184 0 
-133 -150 0 
-133 -167 0 
-133 -184 0 
-150 -167 0 
-150 -184 0 
-167 -184 0 
-15 -16 0 
-32 -33 0 
-49 -50 0 
-66 -67 0 
-83 -84 0 
-100 -101 0 
-117 -118 0 
-134 -135 0 
-151 -152 0 
-168 -169 0 
-185 -186 0 
-15 -17 0 
-32 -34 0 
-49 -51 0 
-66 -68 0 
-83 -85 0 
-100 -102 0 
-117 -119 0 
-134 -136 0 
-151 -153 0 
-168 -170 0 
-185 -187 0 
15 32 49 66 83 100 117 134 151 168 185 0 
-15 -32 0 
-15 -49 0 
-15 -66 0 
-15 -83 0 
-15 -100 0 
-15 -117 0 
-15 -134 0 
-15 -151 0 
-15 -168 0 
-15 -185 0 
-32 -49 0 
-32 -66 0 
-32 -83 0 
-32 -100 0 
-32 -117 0 
-32 -134 0 
-32 -151 0 
-32 -168 0 
-32 -185 0 
-49 -66 0 
-49 -83 0 
-49 -100 0 
-49 -117 0 
-49 -134 0 
-49 -151 0 
-49 -168 0 
-49 -185 0 
-66 -83 0 
-66 -100 0 
-66 -117 0 
-66 -134 0 
-66 -151 0 
-66 -168 0 
-66 -185 0 
-83 -100 0 
-83 -117 0 
-83 -134 0 
-83 -151 0 
-83 -168 0 
-83 -185 0 
-100 -117 0 
-100 -134 0 
-100 -151 0 
-100 -168 0 
-100 -185 0 
-117 -134 0 
-117 -151 0 
-117 -168 0 
-117 -185 0 
-134 -151 0 
-134 -168 0 
-134 -185 0 
-151 -168 0 
-151 -185 0 
-168 -185 0 
-16 -17 0 
-33 -34 0 
-50 -51 0 
-67 -68 0 
-84 -85 0 
-101 -102 0 
-118 -119 0 
-135 -136 0 
-152 -153 0 
-169 -170 0 
-186 -187 0 
16 33 50 67 84 101 118 135 152 169 186 0 
-16 -33 0 
-16 -50 0 
-16 -67 0 
-16 -84 0 
-16 -101 0 
-16 -118 0 
-16 -135 0 
-16 -152 0 
-16 -169 0 
-16 -186 0 
-33 -50 0 
-33 -67 0 
-33 -84 0 
-33 -101 0 
-33 -118 0 
-33 -135 0 
-33 -152 0 
-33 -169 0 
-33 -186 0 
-50 -67 0 
-50 -84 0 
-50 -101 0 
-50 -118 0 
-50 -135 0 
-50 -152 0 
-50 -169 0 
-50 -186 0 
-67 -84 0 
-67 -101 0 
-67 -118 0 
-67 -135 0 
-67 -152 0 
-67 -169 0 
-67 -186 0 
-84 -101 0 
-84 -118 0 
-84 -135 0 
-84 -152 0 
-84 -169 0 
-84 -186 0 
-101 -118 0 
-101 -135 0 
-101 -152 0 
-101 -169 0 
-101 -186 0 
-118 -135 0 
-118 -152 0 
-118 -169 0 
-118 -186 0 
-135 -152 0 
-135 -169 0 
-135 -186 0 
-152 -169 0 
-152 -186 0 
-169 -186 0 
17 34 51 68 85 102 119 136 153 170 187 0 
-17 -34 0 
-17 -51 0 
-17 -68 0 
-17 -85 0 
-17 -102 0 
-17 -119 0 
-17 -136 0 
-17 -153 0 
-17 -170 0 
-17 -187 0 
-34 -51 0 
-34 -68 0 
-34 -85 0 
-34 -102 0 
-34 -119 0 
-34 -136 0 
-34 -153 0 
-34 -170 0 
-34 -187 0 
-51 -68 0 
-51 -85 0 
-51 -102 0 
-51 -119 0 
-51 -136 0 
-51 -153 0 
-51 -170 0 
-51 -187 0 
-68 -85 0 
-68 -102 0 
-68 -119 0 
-68 -136 0 
-68 -153 0 
-68 -170 0 
-68 -187 0 
-85 -102 0 
-85 -119 0 
-85 -136 0 
-85 -153 0 
-85 -170 0 
-85 -187 0 
-102 -119 0 
-102 -136 0 
-102 -153 0 
-102 -170 0 
-102 -187 0 
-119 -136 0 
-119 -153 0 
-119 -170 0 
-119 -187 0 
-136 -153 0 
-136 -170 0 
-136 -187 0 
-153 -170 0 
-153 -187 0 
-170 -187 0 
